min
temps=6500:5200
latlon=38.799999:-9.200000
speed=400
method=Auto
map=177.00|100.00;3.00|100.00;-6.00|0.00;-174.00|0.00;
